-0.41937,0.28455,-1.2866,-0.27233,-0.14407,0.41326,-0.11989,0.14007,-0.98187,-0.66595,-1.4576,0.44062,-1.0745,0.15953
-0.41693,-0.48724,-0.59279,-0.27233,-0.73953,0.19408,0.3668,0.55661,-0.86702,-0.98635,-0.30279,0.44062,-0.49195,-0.10142
-0.41693,-0.48724,-0.59279,-0.27233,-0.73953,1.2814,-0.26555,0.55661,-0.86702,-0.98635,-0.30279,0.39604,-1.2075,1.3229
-0.41634,-0.48724,-1.3056,-0.27233,-0.83446,1.0153,-0.80909,1.0767,-0.75218,-1.105,0.11292,0.41575,-1.3602,1.1816
-0.41207,-0.48724,-1.3056,-0.27233,-0.83446,1.2274,-0.51067,1.0767,-0.75218,-1.105,0.11292,0.44062,-1.0255,1.486
-0.41663,-0.48724,-1.3056,-0.27233,-0.83446,0.20689,-0.35081,1.0767,-0.75218,-1.105,0.11292,0.41017,-1.0423,0.67056
-0.40984,0.048724,-0.47618,-0.27233,-0.26489,-0.38803,-0.070159,0.83841,-0.52248,-0.57695,-1.5037,0.42638,-0.031237,0.039925
-0.4033,0.048724,-0.47618,-0.27233,-0.26489,-0.16031,0.97784,1.0236,-0.52248,-0.57695,-1.5037,0.44062,0.9098,0.49659
-0.39554,0.048724,-0.47618,-0.27233,-0.26489,-0.93029,1.1164,1.0861,-0.52248,-0.57695,-1.5037,0.32812,2.4194,-0.65595
-0.40033,0.048724,-0.47618,-0.27233,-0.26489,-0.39941,0.61548,1.3283,-0.52248,-0.57695,-1.5037,0.329,0.62273,-0.39499
-0.39396,0.048724,-0.47618,-0.27233,-0.26489,0.13146,0.91389,1.2118,-0.52248,-0.57695,-1.5037,0.39264,1.0918,-0.81904
-0.40644,0.048724,-0.47618,-0.27233,-0.26489,-0.3923,0.50891,1.1548,-0.52248,-0.57695,-1.5037,0.44062,0.086393,-0.39499
-0.4092,0.048724,-0.47618,-0.27233,-0.26489,-0.56309,-1.0507,0.78637,-0.52248,-0.57695,-1.5037,0.37051,0.42808,-0.090551
-0.34689,-0.48724,-0.43683,-0.27233,-0.14407,-0.47769,-0.24068,0.43333,-0.63733,-0.60068,1.1753,0.44062,-0.61518,-0.2319
-0.34593,-0.48724,-0.43683,-0.27233,-0.14407,-0.26847,0.56575,0.31669,-0.63733,-0.60068,1.1753,0.25572,-0.33511,-0.47111
-0.34716,-0.48724,-0.43683,-0.27233,-0.14407,-0.64137,-0.42897,0.33412,-0.63733,-0.60068,1.1753,0.4266,-0.58578,-0.28626
-0.29757,-0.48724,-0.43683,-0.27233,-0.14407,-0.49762,-1.3953,0.33412,-0.63733,-0.60068,1.1753,0.33053,-0.85044,0.061671
-0.32893,-0.48724,-0.43683,-0.27233,-0.14407,-0.41934,0.46627,0.21981,-0.63733,-0.60068,1.1753,0.32944,0.28244,-0.54722
-0.32678,-0.48724,-0.43683,-0.27233,-0.14407,-1.1794,-1.1359,0.00069208,-0.63733,-0.60068,1.1753,-0.74138,-0.13486,-0.25365
-0.33572,-0.48724,-0.43683,-0.27233,-0.14407,-0.79365,0.032865,0.00069208,-0.63733,-0.60068,1.1753,0.37544,-0.19228,-0.47111
-0.27457,-0.48724,-0.43683,-0.27233,-0.14407,-1.0171,1.0489,0.0013569,-0.63733,-0.60068,1.1753,0.21793,1.1717,-0.97126
-0.32105,-0.48724,-0.43683,-0.27233,-0.14407,-0.45492,0.73272,0.10318,-0.63733,-0.60068,1.1753,0.39275,0.16481,-0.31888
-0.27682,-0.48724,-0.43683,-0.27233,-0.14407,-0.203,0.82153,0.086364,-0.63733,-0.60068,1.1753,0.44062,0.84958,-0.7973
-0.30519,-0.48724,-0.43683,-0.27233,-0.14407,-0.67125,1.1164,0.14254,-0.63733,-0.60068,1.1753,0.41477,1.012,-0.87341
-0.33288,-0.48724,-0.43683,-0.27233,-0.14407,-0.51327,0.90679,0.2871,-0.63733,-0.60068,1.1753,0.41247,0.5107,-0.7538
-0.32238,-0.48724,-0.43683,-0.27233,-0.14407,-0.97583,0.60838,0.31322,-0.63733,-0.60068,1.1753,-0.58332,0.54011,-0.93864
-0.34199,-0.48724,-0.43683,-0.27233,-0.14407,-0.67125,0.77179,0.42122,-0.63733,-0.60068,1.1753,0.22133,0.30205,-0.64507
-0.30899,-0.48724,-0.43683,-0.27233,-0.14407,-0.33821,0.71851,0.31265,-0.63733,-0.60068,1.1753,-0.5509,0.64793,-0.84079
-0.33024,-0.48724,-0.43683,-0.27233,-0.14407,0.2994,0.91745,0.31327,-0.63733,-0.60068,1.1753,0.34247,0.020576,-0.44936
-0.30356,-0.48724,-0.43683,-0.27233,-0.14407,0.55416,0.66522,0.21083,-0.63733,-0.60068,1.1753,0.25802,-0.094253,-0.16666
-0.28864,-0.48724,-0.43683,-0.27233,-0.14407,-0.81358,0.90679,0.20799,-0.63733,-0.60068,1.1753,0.038293,1.3929,-1.0691
-0.2626,-0.48724,-0.43683,-0.27233,-0.14407,-0.30263,1.1164,0.18044,-0.63733,-0.60068,1.1753,0.21968,0.054185,-0.87341
-0.25874,-0.48724,-0.43683,-0.27233,-0.14407,-0.47627,0.47693,0.092585,-0.63733,-0.60068,1.1753,-1.359,2.1085,-1.0148
-0.2862,-0.48724,-0.43683,-0.27233,-0.14407,-0.83066,0.93876,-0.0037245,-0.63733,-0.60068,1.1753,0.022958,0.79777,-1.0256
-0.2326,-0.48724,-0.43683,-0.27233,-0.14407,-0.26847,1.0063,-0.016737,-0.63733,-0.60068,1.1753,-1.187,1.0764,-0.98214
-0.41264,-0.48724,-0.75459,-0.27233,-0.48064,-0.50046,-0.013319,-0.20646,-0.52248,-0.76682,0.34387,0.44062,-0.41633,-0.39499
-0.40877,-0.48724,-0.75459,-0.27233,-0.48064,-0.6314,-0.25489,-0.1981,-0.52248,-0.76682,0.34387,0.22877,-0.17407,-0.27539
-0.41078,-0.48724,-0.75459,-0.27233,-0.48064,-0.61859,-0.96185,0.066086,-0.52248,-0.76682,0.34387,0.44062,-0.54377,-0.16666
-0.39975,-0.48724,-0.75459,-0.27233,-0.48064,-0.4535,-1.3633,0.024817,-0.52248,-0.76682,0.34387,0.40261,-0.35332,0.23564
-0.41689,2.7285,-1.1933,-0.27233,-1.0934,0.44173,-1.6617,0.76272,-0.75218,-0.92702,-0.071842,0.4267,-1.1669,0.89889
-0.4162,2.7285,-1.1933,-0.27233,-1.0934,1.0523,-1.8749,0.76272,-0.75218,-0.92702,-0.071842,0.4266,-1.4946,1.3447
-0.40529,-0.48724,-0.61612,-0.27233,-0.92076,0.6908,-2.3331,0.91459,-0.75218,-1.0398,-0.2566,0.31476,-1.0941,0.44223
-0.40365,-0.48724,-0.61612,-0.27233,-0.92076,-0.16458,-2.2017,0.91459,-0.75218,-1.0398,-0.2566,0.29241,-0.95827,0.30088
-0.40157,-0.48724,-0.61612,-0.27233,-0.92076,-0.1048,-2.2052,0.91459,-0.75218,-1.0398,-0.2566,0.41389,-0.73001,0.23564
-0.40584,-0.48724,-0.61612,-0.27233,-0.92076,-0.3069,-1.0151,0.91459,-0.75218,-1.0398,-0.2566,0.35835,-0.43454,-0.14492
-0.40017,-0.48724,-0.61612,-0.27233,-0.92076,-0.8577,-1.2354,0.61991,-0.75218,-1.0398,-0.2566,0.44062,-0.34211,-0.3515
-0.3982,-0.48724,-0.61612,-0.27233,-0.92076,-0.70968,-1.2532,0.61991,-0.75218,-1.0398,-0.2566,0.44062,0.20962,-0.27539
-0.39345,-0.48724,-0.61612,-0.27233,-0.92076,-0.36241,0.60127,0.89963,-0.75218,-1.0398,-0.2566,0.39505,0.86079,-0.64507
-0.39059,-0.48724,-0.61612,-0.27233,-0.92076,-1.2605,0.94942,0.9854,-0.75218,-1.0398,-0.2566,0.44062,2.5426,-0.88428
-0.39455,-0.48724,-0.61612,-0.27233,-0.92076,-0.97156,-0.23358,1.0888,-0.75218,-1.0398,-0.2566,0.44062,0.4967,-0.34063
-0.40979,0.41318,-0.80124,-0.27233,-0.99842,-0.45777,-0.81264,1.434,-0.63733,-0.98042,-0.7647,0.42594,0.1116,-0.30801
-0.41506,0.41318,-0.80124,-0.27233,-0.99842,-0.24143,-0.19805,1.434,-0.63733,-0.98042,-0.7647,0.40852,-0.45134,-0.22103
-0.41387,0.41318,-0.80124,-0.27233,-0.99842,0.32217,-1.6866,1.434,-0.63733,-0.98042,-0.7647,0.44062,-1.0325,0.26826
-0.41431,0.41318,-0.80124,-0.27233,-0.99842,-0.40795,-1.6759,1.434,-0.63733,-0.98042,-0.7647,0.44062,-0.59138,0.09429
-0.41852,2.7285,-1.0403,-0.27233,-1.2487,-0.56451,-0.74514,1.6739,-0.75218,0.36053,1.2215,0.44062,0.30065,-0.39499
-0.41858,3.3717,-1.4455,-0.27233,-1.3091,1.3725,-1.6581,2.3277,-0.52248,-1.0813,-0.2566,0.42999,-1.0983,1.399
-0.41771,3.1573,-1.5155,-0.27233,-1.2487,0.14,-1.1679,2.5609,-0.86702,-0.56508,-0.53375,0.44062,-0.96387,0.23564
-0.41844,3.8005,-1.4309,-0.27233,-1.2401,0.75627,-0.99737,2.1512,-0.52248,-0.90329,-1.5499,0.3968,-1.2187,0.98587
-0.40215,0.58469,-0.87558,-0.27233,-0.87761,-0.19873,-1.3988,1.909,-0.17794,-0.73715,0.57483,0.37249,-0.81123,0.083417
-0.40809,0.58469,-0.87558,-0.27233,-0.87761,-0.509,-0.75935,1.4897,-0.17794,-0.73715,0.57483,0.44062,-0.48075,-0.31888
-0.40274,0.58469,-0.87558,-0.27233,-0.87761,-0.77373,-0.084369,1.6291,-0.17794,-0.73715,0.57483,0.42101,0.069589,-0.41674
-0.40014,0.58469,-0.87558,-0.27233,-0.87761,-0.4535,0.88192,1.4358,-0.17794,-0.73715,0.57483,0.23447,0.25023,-0.71031
-0.40728,0.58469,-0.87558,-0.27233,-0.87761,0.2439,-0.027529,1.6291,-0.17794,-0.73715,0.57483,0.44062,-0.82944,-0.036186
-0.4054,0.58469,-0.87558,-0.27233,-0.87761,0.67941,-0.89435,1.9879,-0.17794,-0.73715,0.57483,0.42616,-0.44154,0.26826
-0.41783,0.26311,-1.4222,-0.27233,-1.196,1.1662,-0.32239,2.5777,-0.75218,-1.1406,0.06673,0.40053,-0.64459,1.1381
-0.41593,2.9429,-1.1321,-0.27233,-1.3522,0.0076366,-1.8038,1.3375,-0.63733,-0.42268,-1.088,0.44062,-1.1179,0.10516
-0.41501,2.9429,-1.1321,-0.27233,-1.3522,-0.70826,-1.3313,1.3375,-0.63733,-0.42268,-1.088,0.44062,-0.33791,-0.34063
-0.41337,0.048724,-0.73856,-0.27233,-1.2573,-0.57874,-1.6759,1.2836,-0.63733,-0.37521,0.2053,0.43306,-0.63759,-0.057932
-0.40434,0.048724,-0.73856,-0.27233,-1.2573,-0.98295,-1.1288,1.2836,-0.63733,-0.37521,0.2053,0.44062,0.061187,-0.55809
-0.4052,0.048724,-0.73856,-0.27233,-1.2573,-0.56878,-1.2638,1.2836,-0.63733,-0.37521,0.2053,0.44062,-0.54096,-0.17753
-0.40984,-0.48724,-0.047633,-0.27233,-1.2228,0.18839,-2.2017,0.70867,-0.63733,-0.61255,0.34387,0.29636,-0.83084,0.18127
-0.40164,-0.48724,-0.047633,-0.27233,-1.2228,-0.46061,-1.8145,0.70867,-0.63733,-0.61255,0.34387,0.22198,-0.38833,-0.090551
-0.40945,-0.48724,-0.047633,-0.27233,-1.2228,-0.31259,-2.1591,0.70867,-0.63733,-0.61255,0.34387,0.375,-0.99888,0.029052
-0.39739,-0.48724,-0.047633,-0.27233,-1.2228,-0.05641,-2.2159,0.70867,-0.63733,-0.61255,0.34387,0.2245,-0.71601,0.09429
-0.41092,-0.48724,0.24681,-0.27233,-1.0157,-0.016559,-2.223,0.21677,-0.52248,-0.060741,0.11292,0.41893,-0.82244,0.1704
-0.40904,-0.48724,0.24681,-0.27233,-1.0157,0.0019436,-0.83751,0.33602,-0.52248,-0.060741,0.11292,0.29088,-0.51996,-0.12317
-0.4083,-0.48724,0.24681,-0.27233,-1.0157,-0.0080191,0.21049,0.12212,-0.52248,-0.060741,0.11292,0.18606,-0.095653,-0.27539
-0.40998,-0.48724,0.24681,-0.27233,-1.0157,-0.20585,-0.80909,0.14031,-0.52248,-0.060741,0.11292,0.33174,-0.33371,-0.18841
-0.41354,-0.48724,0.24681,-0.27233,-1.0157,-0.074912,-0.52844,0.57893,-0.52248,-0.060741,0.11292,0.3256,-0.04384,-0.14492
-0.41035,-0.48724,0.24681,-0.27233,-1.0157,-0.58444,-1.1359,0.33602,-0.52248,-0.060741,0.11292,0.43141,-0.49755,-0.24277
-0.41532,0.58469,-0.91494,-0.27233,-1.1106,0.6296,-1.2461,0.76253,-0.63733,-0.75495,0.25149,0.44062,-1.0311,0.59445
-0.41491,0.58469,-0.91494,-0.27233,-1.1106,0.47589,0.064837,0.76253,-0.63733,-0.75495,0.25149,0.4267,-0.76082,0.14865
-0.41585,0.58469,-0.91494,-0.27233,-1.1106,0.024716,-1.2922,0.76253,-0.63733,-0.75495,0.25149,0.44062,-0.83084,0.24651
-0.41597,0.58469,-0.91494,-0.27233,-1.1106,-0.16742,-0.77711,0.76253,-0.63733,-0.75495,0.25149,0.37205,-0.72021,0.039925
-0.41422,-0.48724,-0.96887,-0.27233,-0.91213,0.14854,-0.73093,0.46747,-0.75218,-0.95669,0.020539,0.44062,-0.42474,0.14865
-0.41343,-0.48724,-0.96887,-0.27233,-0.91213,0.49154,-0.44318,0.3052,-0.75218,-0.95669,0.020539,0.39023,-0.85744,0.44223
-0.41407,-0.48724,-0.96887,-0.27233,-0.91213,-0.38376,-0.83396,0.30021,-0.75218,-0.95669,0.020539,0.43065,0.028978,-0.003567
-0.41179,-0.48724,-0.96887,-0.27233,-0.91213,-0.23289,-0.41831,-0.02253,-0.75218,-0.95669,0.020539,0.42145,-0.58998,-0.036186
-0.41352,-0.48724,-1.1263,-0.27233,-0.56693,1.0281,0.62969,-0.1773,-0.86702,-0.82022,-0.30279,0.44062,-1.0017,0.11604
-0.41394,-0.48724,-1.1263,-0.27233,-0.56693,1.1306,-0.1945,-0.18072,-0.86702,-0.82022,-0.30279,0.43141,-0.97367,0.67056
-0.41466,-0.48724,-1.1263,-0.27233,-0.56693,0.18839,-0.087922,-0.33373,-0.86702,-0.82022,-0.30279,0.38892,-0.53816,0.007306
-0.41553,-0.48724,-1.1263,-0.27233,-0.56693,0.17131,0.18918,-0.33383,-0.86702,-0.82022,-0.30279,0.40392,-0.62359,-0.057932
-0.41522,0.71332,0.56895,-0.27233,-0.78268,0.22397,-0.53199,-0.06133,-0.63733,-0.82022,-0.11803,0.41991,-0.62919,0.039925
-0.41676,0.71332,0.56895,-0.27233,-0.78268,-0.1048,-1.4095,-0.06133,-0.63733,-0.82022,-0.11803,0.43437,-0.90226,0.26826
-0.41511,0.71332,0.56895,-0.27233,-0.78268,-0.050717,0.30996,-0.085502,-0.63733,-0.82022,-0.11803,0.44062,-0.2889,-0.21015
-0.40591,-0.48724,-1.2021,-0.27233,-0.94665,0.48443,-0.38278,-0.1424,-0.86702,-0.78462,-0.21041,0.014305,-0.84064,0.63794
-0.40673,-0.48724,-1.2021,-0.27233,-0.94665,-0.17312,0.036417,-0.1424,-0.86702,-0.78462,-0.21041,0.38508,-0.18388,-0.12317
-0.40605,-0.48724,-1.2021,-0.27233,-0.94665,2.5396,0.26378,-0.1424,-0.86702,-0.78462,-0.21041,0.44062,-1.1823,1.7579
-0.41058,-0.48724,-1.2021,-0.27233,-0.94665,2.1852,-1.1253,-0.1424,-0.86702,-0.78462,-0.21041,0.4037,-1.2719,2.3124
-0.41213,-0.48724,-1.2021,-0.27233,-0.94665,1.6102,-0.21581,-0.1424,-0.86702,-0.78462,-0.21041,0.44062,-0.90506,1.1598
-0.40282,-0.48724,-0.3756,-0.27233,-0.29941,0.6296,0.40233,-0.48309,-0.52248,-0.14381,1.1291,0.41718,-0.45274,0.54008
-0.40681,-0.48724,-0.3756,-0.27233,-0.29941,0.70645,0.09681,-0.4459,-0.52248,-0.14381,1.1291,0.42616,-0.6978,0.43135
-0.39351,-0.48724,-0.3756,-0.27233,-0.29941,0.17131,0.59772,-0.51305,-0.52248,-0.14381,1.1291,-3.1313,-0.2833,-0.42761
-0.3955,-0.48724,-0.3756,-0.27233,-0.29941,-0.21012,0.66877,-0.51305,-0.52248,-0.14381,1.1291,0.414,0.1102,-0.3515
-0.40387,-0.48724,-0.3756,-0.27233,-0.29941,-0.16742,0.76114,-0.65253,-0.52248,-0.14381,1.1291,0.3945,-0.04524,-0.26452
-0.40468,-0.48724,-0.3756,-0.27233,-0.29941,-0.61717,0.99916,-0.8017,-0.52248,-0.14381,1.1291,0.4094,0.53451,-0.32976
-0.4002,-0.48724,-0.3756,-0.27233,-0.29941,-0.63852,0.82863,-0.75226,-0.52248,-0.14381,1.1291,0.42714,0.84118,-0.32976
-0.40485,-0.48724,-0.3756,-0.27233,-0.29941,-0.22435,0.59061,-0.79434,-0.52248,-0.14381,1.1291,0.33973,0.20122,-0.2319
-0.40522,-0.48724,-0.3756,-0.27233,-0.29941,0.26951,1.0134,-0.64688,-0.52248,-0.14381,1.1291,0.42243,-0.053642,-0.29714
-0.38945,-0.48724,-0.3756,-0.27233,-0.29941,-0.079182,0.80377,-0.5936,-0.52248,-0.14381,1.1291,0.37851,0.40567,-0.34063
-0.40755,-0.48724,-0.3756,-0.27233,-0.29941,-0.12757,-0.50357,-0.48309,-0.52248,-0.14381,1.1291,0.40326,0.048583,-0.090551
-0.40838,-0.48724,-0.16424,-0.27233,-0.066407,0.61252,0.46272,-0.53072,-0.40764,0.14099,-0.30279,0.42627,-0.34912,0.029052
-0.40577,-0.48724,-0.16424,-0.27233,-0.066407,-0.52893,0.86416,-0.68463,-0.40764,0.14099,-0.30279,0.41926,0.4981,-0.40587
-0.39428,-0.48724,-0.16424,-0.27233,-0.066407,-0.27417,0.95297,-0.59222,-0.40764,0.14099,-0.30279,0.44062,0.62133,-0.41674
-0.40356,-0.48724,-0.16424,-0.27233,-0.066407,-0.0436,0.55509,-0.73065,-0.40764,0.14099,-0.30279,0.35124,-0.30851,-0.43849
-0.40018,-0.48724,-0.16424,-0.27233,-0.066407,-0.50758,0.69719,-0.63254,-0.40764,0.14099,-0.30279,-0.12886,0.43508,-0.46023
-0.4048,-0.48724,-0.16424,-0.27233,-0.066407,-0.15461,0.13944,-0.50574,-0.40764,0.14099,-0.30279,0.40118,-0.08585,-0.14492
-0.40255,-0.48724,-0.16424,-0.27233,-0.066407,-0.37522,0.49825,-0.49752,-0.40764,0.14099,-0.30279,0.41444,-0.32951,-0.36238
-0.40492,-0.48724,-0.16424,-0.27233,-0.066407,-0.58728,0.16076,-0.6257,-0.40764,0.14099,-0.30279,-0.19765,0.38047,-0.2319
-0.40327,-0.48724,-0.16424,-0.27233,-0.066407,-0.78796,-0.11989,-0.49192,-0.40764,0.14099,-0.30279,0.38147,0.134,-0.3515
-0.41208,-0.48724,2.1155,-0.27233,0.22701,-0.59013,0.03997,-0.73008,-0.86702,-1.3068,0.29768,0.35573,0.24043,-0.057932
-0.41177,-0.48724,2.1155,-0.27233,0.22701,-0.39941,0.55154,-0.75872,-0.86702,-1.3068,0.29768,0.22998,0.22643,-0.24277
-0.40929,-0.48724,2.1155,-0.27233,0.22701,-0.46061,0.86416,-0.8112,-0.86702,-1.3068,0.29768,0.23458,0.73896,-0.22103
-0.40262,-0.48724,2.1155,-0.27233,0.22701,-0.61005,1.0098,-0.87887,-0.86702,-1.3068,0.29768,0.14936,1.7864,-0.56896
-0.40865,-0.48724,2.1155,-0.27233,0.22701,-0.57732,0.96718,-0.84947,-0.86702,-1.3068,0.29768,0.24871,0.68994,-0.40587
-0.40045,-0.48724,2.1155,-0.27233,0.22701,-0.42503,0.70429,-0.85584,-0.86702,-1.3068,0.29768,0.31049,0.30205,-0.12317
-0.37507,-0.48724,2.1155,-0.27233,0.22701,-0.9559,0.96008,-0.96777,-0.86702,-1.3068,0.29768,0.028654,2.0455,-0.74293
-0.38997,-0.48724,1.5674,-0.27233,0.59809,-0.84204,0.97429,-0.953,-0.63733,0.17066,1.2677,0.38815,0.63533,-0.68857
-0.38227,-0.48724,1.5674,-0.27233,0.59809,0.20831,1.0738,-0.94151,-0.63733,0.17066,1.2677,0.44062,0.38327,-0.49285
-0.31765,-0.48724,1.5674,-0.27233,0.59809,-0.92175,0.9281,-0.86201,-0.63733,0.17066,1.2677,0.44062,0.79637,-0.89515
-0.38057,-0.48724,1.5674,-0.27233,0.59809,0.24674,1.0773,-0.79619,-0.63733,0.17066,1.2677,0.42024,-0.0074307,-0.36238
-0.28141,-0.48724,1.5674,-0.27233,0.59809,0.058874,1.0347,-0.72377,-0.63733,0.17066,1.2677,0.44062,-0.055043,-0.31888
-0.3515,-0.48724,1.5674,-0.27233,0.59809,0.12434,1.0418,-0.69698,-0.63733,0.17066,1.2677,0.31859,-0.21468,0.050798
-0.38176,-0.48724,1.5674,-0.27233,0.59809,-0.65844,0.95297,-0.62931,-0.63733,0.17066,1.2677,0.35069,0.33285,-0.44936
-0.30661,-0.48724,1.5674,-0.27233,0.59809,-0.75096,1.0595,-0.68815,-0.63733,0.17066,1.2677,-1.0287,0.65214,-0.7538
-0.35526,-0.48724,1.5674,-0.27233,0.59809,0.071683,1.0524,-0.79989,-0.63733,0.17066,1.2677,0.41619,0.60312,-0.48198
-0.38259,-0.48724,1.5674,-0.27233,0.59809,-0.48765,0.88547,-0.86818,-0.63733,0.17066,1.2677,0.23633,0.59472,-0.55809
-0.37914,-0.48724,1.5674,-0.27233,0.59809,0.24105,1.0595,-0.92379,-0.63733,0.17066,1.2677,0.40973,0.27124,-0.59071
-0.39106,-0.48724,1.5674,-0.27233,0.59809,-0.60863,1.0524,-1.0098,-0.63733,0.17066,1.2677,0.38738,1.2137,-1.0039
-0.3568,-0.48724,1.5674,-0.27233,0.59809,-0.1902,1.0418,-1.0098,-0.63733,0.17066,1.2677,0.44062,0.81318,-0.5146
-0.38628,-0.48724,1.5674,-0.27233,0.59809,-0.15746,0.88903,-1.0368,-0.63733,0.17066,1.2677,0.34401,1.6114,-0.92777
-0.23076,-0.48724,1.5674,-0.27233,0.59809,-1.8013,1.1164,-1.1187,-0.63733,0.17066,1.2677,0.44062,3.0467,-0.88428
-0.034002,-0.48724,1.2307,3.6648,2.7296,-1.2548,1.1164,-1.1746,-0.52248,-0.031074,-1.7347,0.44062,1.9839,-0.99301
0.056255,-0.48724,1.2307,-0.27233,2.7296,-1.1623,1.1164,-1.1318,-0.52248,-0.031074,-1.7347,0.44062,1.9279,-0.7538
-0.096934,-0.48724,1.2307,-0.27233,2.7296,-1.9664,1.0382,-1.1631,-0.52248,-0.031074,-1.7347,0.44062,2.3298,-1.167
-0.14348,-0.48724,1.2307,-0.27233,2.7296,-0.22008,1.1164,-1.1283,-0.52248,-0.031074,-1.7347,-2.0129,2.1211,-0.94952
-0.16956,-0.48724,1.2307,-0.27233,2.7296,-0.93456,1.1164,-1.082,-0.52248,-0.031074,-1.7347,-2.0527,0.55971,-0.7538
-0.14473,-0.48724,1.2307,-0.27233,2.7296,-1.9337,0.96363,-1.1085,-0.52248,-0.031074,-1.7347,0.38377,2.3634,-0.86253
-0.14911,-0.48724,1.2307,-0.27233,2.7296,-1.5636,0.89613,-1.0759,-0.52248,-0.031074,-1.7347,0.003461,2.1939,-0.5146
-0.10226,-0.48724,1.2307,-0.27233,2.7296,-0.97868,0.93521,-1.0777,-0.52248,-0.031074,-1.7347,-0.05284,1.2319,-0.77555
-0.22751,-0.48724,1.2307,-0.27233,2.7296,-0.23147,1.0205,-1.0339,-0.52248,-0.031074,-1.7347,0.17664,0.20262,-0.1123
-0.24614,-0.48724,1.2307,-0.27233,2.7296,-1.2534,1.1164,-1.0464,-0.52248,-0.031074,-1.7347,-0.16511,0.087793,-0.31888
-0.28913,-0.48724,1.2307,3.6648,2.7296,-1.8113,0.69008,-1.0376,-0.52248,-0.031074,-1.7347,-0.14671,-0.074648,-0.78642
-0.17024,-0.48724,1.2307,-0.27233,2.7296,-0.81927,1.0631,-1.0314,-0.52248,-0.031074,-1.7347,-1.0376,0.43928,-0.34063
-0.25573,-0.48724,1.2307,3.6648,2.7296,-0.22151,0.97429,-0.97147,-0.52248,-0.031074,-1.7347,-0.39054,0.34546,-0.60158
-0.0091278,-0.48724,1.2307,3.6648,2.7296,-0.18877,0.49825,-0.97333,-0.52248,-0.031074,-1.7347,-2.9428,0.33145,-0.7538
-0.13566,-0.48724,1.2307,-0.27233,2.7296,-1.4412,0.90324,-0.97765,-0.52248,-0.031074,-1.7347,-2.936,0.48829,-1.0256
-0.27785,-0.48724,1.2307,-0.27233,0.43412,0.93702,1.024,-0.91073,-0.52248,-0.031074,-1.7347,0.074002,-1.1291,2.0406
-0.26399,-0.48724,1.2307,-0.27233,0.43412,-0.31117,1.1164,-0.96772,-0.52248,-0.031074,-1.7347,-0.030495,-0.87145,0.19215
-0.25443,-0.48724,1.2307,-0.27233,2.7296,0.32075,1.1164,-0.96364,-0.52248,-0.031074,-1.7347,0.083641,-0.73701,0.083417
-0.27205,-0.48724,1.2307,3.6648,0.43412,-0.049293,0.8535,-0.9482,-0.52248,-0.031074,-1.7347,-0.19447,-1.0017,0.48572
-0.24997,-0.48724,1.2307,-0.27233,0.43412,1.7141,0.78956,-0.86628,-0.52248,-0.031074,-1.7347,0.19449,-1.5296,2.9865
-0.20691,-0.48724,1.2307,3.6648,0.43412,2.1596,1.0524,-0.83314,-0.52248,-0.031074,-1.7347,0.36076,-1.503,2.9865
-0.2435,-0.48724,1.2307,3.6648,0.43412,2.9751,0.89968,-0.77553,-0.52248,-0.031074,-1.7347,0.34806,-1.307,2.9865
-0.15941,-0.48724,1.2307,-0.27233,0.43412,-0.6129,0.82508,-0.65206,-0.52248,-0.031074,-1.7347,0.42101,-0.14186,0.018179
-0.080163,-0.48724,1.2307,-0.27233,0.43412,-0.26136,0.86771,-0.71788,-0.52248,-0.031074,-1.7347,-1.2762,-0.39813,0.26826
-0.1864,-0.48724,1.2307,-0.27233,0.43412,2.3403,0.98139,-0.83067,-0.52248,-0.031074,-1.7347,0.1383,-1.2537,2.9865
-0.2108,-0.48724,1.2307,-0.27233,0.43412,-0.58017,0.37746,-0.6502,-0.52248,-0.031074,-1.7347,-1.4137,-0.071847,0.13778
-0.15266,-0.48724,1.2307,-0.27233,0.43412,0.048911,0.97784,-0.80497,-0.52248,-0.031074,-1.7347,-0.65265,-0.21748,0.13778
-0.13532,-0.48724,1.2307,-0.27233,0.43412,0.16704,0.94587,-0.7278,-0.52248,-0.031074,-1.7347,-0.29174,-0.18668,-0.025313
-0.27973,-0.48724,1.2307,-0.27233,0.43412,-0.58301,0.92455,-0.6502,-0.52248,-0.031074,-1.7347,-0.70523,0.24883,-0.55809
-0.15109,-0.48724,1.2307,-0.27233,0.43412,-0.5759,1.0205,-0.66787,-0.52248,-0.031074,-1.7347,-0.093587,-0.087251,-0.37325
-0.40393,-0.48724,-1.033,-0.27233,-0.38571,-1.0143,0.70785,-0.56938,-0.52248,-0.66595,-0.85708,0.44062,0.28524,0.061671
-0.40943,-0.48724,-1.033,-0.27233,-0.38571,0.18697,0.55154,-0.54554,-0.52248,-0.66595,-0.85708,0.42528,-0.50596,0.11604
-0.41028,-0.48724,-1.033,-0.27233,-0.38571,-0.60578,0.0044442,-0.51913,-0.52248,-0.66595,-0.85708,0.40042,-0.42193,0.007306
-0.41235,-0.48724,-1.033,-0.27233,-0.38571,0.37199,-1.2603,-0.31474,-0.52248,-0.66595,-0.85708,0.37555,-1.0255,0.74667
-0.41194,-0.48724,-1.033,-0.27233,-0.38571,-0.37664,-0.75935,-0.11404,-0.52248,-0.66595,-0.85708,0.40042,-0.35612,0.072544
-0.41379,-0.48724,-1.033,-0.27233,-0.38571,0.043218,0.17141,-0.22678,-0.52248,-0.66595,-0.85708,0.42638,-0.89105,0.22477
-0.41238,-0.48724,-1.033,-0.27233,-0.38571,0.81889,0.20694,-0.41779,-0.52248,-0.66595,-0.85708,0.37895,-0.80283,0.80103
-0.41338,-0.48724,-1.2648,-0.27233,-0.57556,0.98968,-0.36147,-0.45877,-0.75218,-1.2771,-0.30279,0.44062,-1.0661,1.5948
-0.41244,-0.48724,-1.2648,-0.27233,-0.57556,2.1069,0.52312,-0.50056,-0.75218,-1.2771,-0.30279,0.42594,-0.71321,1.8775
-0.41209,-0.48724,-1.2648,-0.27233,-0.57556,-0.20016,-0.22647,-0.56852,-0.75218,-1.2771,-0.30279,0.44062,-0.44854,1.486
-0.40952,-0.48724,-1.2648,-0.27233,-0.57556,1.2387,0.83929,-0.51975,-0.75218,-1.2771,-0.30279,0.41017,-1.0969,1.6709
-0.40847,-0.48724,-1.2648,-0.27233,-0.57556,0.39618,0.96008,-0.45022,-0.75218,-1.2771,-0.30279,0.44062,-0.97647,1.0837
-0.41044,-0.48724,-1.2648,-0.27233,-0.57556,-0.96871,0.75403,-0.38331,-0.75218,-1.2771,-0.30279,0.37599,0.18582,0.42048
-0.41307,-0.48724,-1.2648,-0.27233,-0.57556,-0.18735,0.0079967,-0.24474,-0.75218,-1.2771,-0.30279,0.33338,0.069589,0.76842
-0.41359,-0.48724,-1.2648,-0.27233,-0.57556,2.2009,-0.53199,-0.28297,-0.75218,-1.2771,-0.30279,0.39384,-1.1487,2.9865
-0.41095,1.4422,-1.1219,-0.27233,-1.0157,0.70788,-0.97606,-0.0030596,-0.52248,-0.060741,-1.5037,0.40743,-0.83644,1.0294
-0.40548,1.4422,-1.1219,-0.27233,-1.0157,0.38622,-1.4024,0.36646,-0.52248,-0.060741,-1.5037,0.28661,-1.1333,0.79016
-0.41037,1.4422,-1.1219,-0.27233,-1.0157,1.2814,-1.0542,0.36646,-0.52248,-0.060741,-1.5037,0.44062,-1.0171,1.3447
-0.40956,1.4422,-1.1219,-0.27233,-1.0157,0.94841,-1.6724,1.275,-0.52248,-0.060741,-1.5037,0.23009,-1.0577,1.573
-0.41207,1.4422,-1.1219,-0.27233,-1.0157,0.64668,-1.342,1.275,-0.52248,-0.060741,-1.5037,0.36186,-1.1151,0.86627
-0.41003,1.4422,-1.1219,-0.27233,-1.0157,1.2715,-1.5018,1.275,-0.52248,-0.060741,-1.5037,0.3704,-1.37,1.5078
-0.41756,2.0854,-1.1963,-0.27233,-1.3264,0.73349,-2.0845,1.1514,-0.98187,-0.84988,-1.319,0.40195,-1.0675,0.93151
-0.41843,2.0854,-1.1963,-0.27233,-1.3264,0.45454,-1.7683,1.1514,-0.98187,-0.84988,-1.319,0.21935,-1.1585,0.71405
-0.4185,2.9429,-1.5563,-0.27233,-1.1451,2.2635,-1.2993,0.88016,-0.63733,-0.90922,-1.8733,0.41137,-1.356,2.9865
-0.41544,2.9429,-1.4018,-0.27233,-1.3005,1.4266,-1.2247,1.6688,-0.86702,-0.47015,-2.7047,0.44062,-1.2005,1.1707
-0.41468,2.9429,-1.4018,-0.27233,-1.3005,1.1704,-1.1359,1.6688,-0.86702,-0.47015,-2.7047,-0.025894,-0.56617,0.84453
-0.41572,2.9429,-1.4018,-0.27233,-1.3005,1.4081,-1.0755,1.6688,-0.86702,-0.47015,-2.7047,0.38913,-0.84484,1.3121
-0.41644,3.5861,-1.4091,-0.27233,-1.3091,0.98256,-1.8926,1.8323,-0.75218,-0.037008,-0.67232,0.44062,-1.1333,1.3447
-0.41803,3.5861,-1.4091,-0.27233,-1.3091,1.2103,-1.9423,1.8323,-0.75218,-0.037008,-0.67232,0.3026,-1.1487,1.1272
-0.4161,3.0501,-1.3275,-0.27233,-1.2055,-0.17454,-1.072,1.1754,-0.86702,-0.35741,-1.7347,0.40633,-0.73141,0.1704
-0.41757,3.0501,-1.3275,-0.27233,-1.2055,1.8863,-1.8784,1.1754,-0.86702,-0.35741,-1.7347,0.42397,-1.3364,2.1493
-0.41602,3.5861,-1.2327,-0.27233,-1.196,2.2322,-1.2567,0.62827,-0.63733,-1.0932,-1.7347,0.39549,-1.2383,2.8234
-0.41777,3.5861,-1.2327,-0.27233,-1.196,2.4898,-1.3029,0.62827,-0.63733,-1.0932,-1.7347,0.37106,-1.3686,2.9865
-0.40424,-0.48724,-0.079701,-0.27233,-0.56693,-0.56024,-1.6439,0.071405,-0.63733,-0.77868,0.06673,0.44062,-0.24969,0.007306
-0.3934,-0.48724,-0.079701,-0.27233,-0.56693,0.058874,-0.57107,0.26588,-0.63733,-0.77868,0.06673,0.41838,-0.23569,0.20302
-0.39081,-0.48724,-0.079701,-0.27233,-0.56693,-0.71395,0.14655,0.26588,-0.63733,-0.77868,0.06673,0.35879,0.75716,-0.003567
-0.40431,-0.48724,-0.079701,3.6648,-0.56693,-0.31402,-0.3366,0.21093,-0.63733,-0.77868,0.06673,0.26996,0.28104,0.20302
-0.36945,-0.48724,-0.079701,3.6648,-0.56693,-1.3388,1.1164,0.037972,-0.63733,-0.77868,0.06673,0.44062,1.4615,-0.27539
-0.39982,-0.48724,-0.079701,3.6648,-0.56693,-0.46204,0.83574,0.038969,-0.63733,-0.77868,0.06673,0.40064,0.64653,-0.090551
-0.37641,-0.48724,-0.079701,3.6648,-0.56693,-1.2534,0.7114,-0.061757,-0.63733,-0.77868,0.06673,0.42243,1.5862,-0.3515
-0.39485,-0.48724,-0.079701,3.6648,-0.56693,-0.67979,-0.52488,-0.067646,-0.63733,-0.77868,0.06673,0.37533,0.47289,-0.01444
-0.40377,-0.48724,-0.079701,-0.27233,-0.56693,0.12861,-1.2887,0.071405,-0.63733,-0.77868,0.06673,0.31914,-0.45834,0.60532
-0.38644,-0.48724,-0.079701,-0.27233,-0.56693,-1.242,-2.088,-0.098562,-0.63733,-0.77868,0.06673,-0.084824,2.3662,0.12691
-0.39708,-0.48724,-0.079701,-0.27233,-0.56693,-0.14607,-0.92987,0.071405,-0.63733,-0.77868,0.06673,0.4048,-0.44574,0.26826
-0.4148,-0.48724,0.40132,3.6648,-0.040517,-0.56451,-0.44673,-0.32433,-0.52248,-0.78462,-0.94946,0.39571,0.12,0.083417
-0.41195,-0.48724,0.40132,-0.27233,-0.040517,0.50862,0.58706,-0.17759,-0.52248,-0.78462,-0.94946,0.39549,-0.41493,0.67056
-0.40723,-0.48724,0.40132,3.6648,-0.040517,-0.47485,0.89613,-0.43014,-0.52248,-0.78462,-0.94946,0.44062,0.73756,-0.1123
-0.40682,-0.48724,0.40132,3.6648,-0.040517,0.12577,0.8464,-0.20503,-0.52248,-0.78462,-0.94946,0.406,-0.3015,0.050798
-0.37847,-0.48724,-0.71961,3.6648,-0.4116,0.94841,0.70785,-0.44324,-0.17794,-0.60068,-0.48756,0.38366,-0.41213,0.4531
-0.3727,-0.48724,-0.71961,3.6648,-0.4116,-0.17169,0.80732,-0.35477,-0.17794,-0.60068,-0.48756,0.42243,1.2333,-0.090551
-0.34761,-0.48724,-0.71961,3.6648,-0.4116,0.84593,0.32417,-0.24835,-0.17794,-0.60068,-0.48756,0.36931,-0.38132,0.54008
-0.34864,-0.48724,-0.71961,-0.27233,-0.4116,0.47446,0.4343,-0.24835,-0.17794,-0.60068,-0.48756,0.44062,-0.70761,0.82278
-0.38344,-0.48724,-0.71961,-0.27233,-0.43749,2.82,0.34549,-0.42771,-0.17794,-0.60068,-0.48756,0.31082,-1.1921,2.4211
-0.35884,-0.48724,-0.71961,-0.27233,-0.43749,3.4733,0.51246,-0.42771,-0.17794,-0.60068,-0.48756,0.27741,-1.1235,2.9865
-0.37567,-0.48724,-0.71961,-0.27233,-0.43749,2.4983,0.6368,-0.27513,-0.17794,-0.60068,-0.48756,0.33634,-1.3336,1.6383
-0.37216,-0.48724,-0.71961,-0.27233,-0.43749,1.2501,0.40233,-0.27513,-0.17794,-0.60068,-0.48756,0.16875,-0.88125,0.98587
-0.38543,-0.48724,-0.71961,-0.27233,-0.43749,1.9945,-1.8322,-0.19943,-0.17794,-0.60068,-0.48756,0.22823,-1.2229,2.6277
-0.36874,-0.48724,-0.71961,-0.27233,-0.43749,0.38053,-1.6759,-0.19943,-0.17794,-0.60068,-0.48756,0.25923,-1.2453,0.975
-0.35767,-0.48724,-0.71961,-0.27233,-0.43749,-0.43215,-0.016871,-0.05867,-0.17794,-0.60068,-0.48756,0.23743,-0.14046,0.19215
-0.36628,-0.48724,-0.71961,-0.27233,-0.43749,1.6045,0.29575,-0.05867,-0.17794,-0.60068,-0.48756,0.21322,-1.0367,0.99675
-0.35322,-0.48724,-0.71961,-0.27233,-0.4116,2.921,0.16786,0.02059,-0.17794,-0.60068,-0.48756,0.32024,-1.426,2.084
-0.38157,-0.48724,-0.71961,-0.27233,-0.4116,2.7929,0.064837,-0.067978,-0.17794,-0.60068,-0.48756,0.244,-1.2187,2.8017
-0.36803,-0.48724,-0.71961,3.6648,-0.4116,0.62817,-0.073712,-0.067978,-0.17794,-0.60068,-0.48756,0.038622,-0.64459,0.70318
-0.38168,-0.48724,-0.71961,-0.27233,-0.4116,-0.28271,-0.25134,-0.067978,-0.17794,-0.60068,-0.48756,0.2199,-0.24829,0.15953
-0.35958,-0.48724,-0.71961,3.6648,-0.4116,0.49296,0.28154,0.16762,-0.17794,-0.60068,-0.48756,0.34806,-0.43594,0.27913
-0.3606,-0.48724,-0.71961,-0.27233,-0.4116,1.5277,0.10747,0.16762,-0.17794,-0.60068,-0.48756,0.3658,-1.1095,0.975
-0.41052,0.79907,-0.90473,-0.27233,-1.0934,0.27948,-1.7789,1.1373,-0.40764,-0.64222,-0.85708,0.24904,-0.88125,0.12691
-0.40935,0.79907,-0.90473,-0.27233,-1.0934,0.45738,-0.93698,1.1373,-0.40764,-0.64222,-0.85708,0.29691,-0.73981,0.083417
-0.40693,0.79907,-0.90473,-0.27233,-1.0934,0.87155,-0.50712,1.2067,-0.40764,-0.64222,-0.85708,0.37873,-0.17827,-0.057932
-0.40776,0.79907,-0.90473,-0.27233,-1.0934,-0.2699,-0.12345,1.2067,-0.40764,-0.64222,-0.85708,0.41564,-0.035438,-0.26452
-0.40814,0.79907,-0.90473,-0.27233,-1.0934,0.10442,-0.55686,1.5389,-0.40764,-0.64222,-0.85708,0.17609,-0.20068,-0.036186
-0.40527,0.79907,-0.90473,-0.27233,-1.0934,0.15423,-2.1591,1.5389,-0.40764,-0.64222,-0.85708,0.19756,-1.0451,0.12691
-0.39614,0.45606,-0.76917,-0.27233,-1.0675,-0.98437,0.28154,1.9755,-0.29279,-0.46421,0.29768,0.17324,-0.021434,-0.53634
-0.39786,0.45606,-0.76917,-0.27233,-1.0675,-0.96729,0.057732,1.9755,-0.29279,-0.46421,0.29768,0.35551,0.81318,-0.43849
-0.38059,0.45606,-0.76917,-0.27233,-1.0675,-0.25139,-1.1963,2.0233,-0.29279,-0.46421,0.29768,0.36701,-0.48915,0.19215
-0.39725,0.45606,-0.76917,-0.27233,-1.0675,-0.083451,0.37746,2.0233,-0.29279,-0.46421,0.29768,0.21322,-0.35052,-0.22103
-0.40099,0.45606,-0.76917,-0.27233,-1.0675,0.21116,-0.69185,1.9145,-0.29279,-0.46421,0.29768,0.19756,-0.43874,0.21389
-0.39793,0.45606,-0.76917,-0.27233,-1.0675,0.61679,-1.8145,1.9145,-0.29279,-0.46421,0.29768,0.406,-0.85324,0.39873
-0.40379,0.45606,-0.76917,-0.27233,-1.0675,0.28802,-1.9743,1.7104,-0.29279,-0.46421,0.29768,0.43382,-0.94567,0.20302
-0.39521,0.45606,-0.76917,-0.27233,-1.0675,0.21828,-2.12,1.7104,-0.29279,-0.46421,0.29768,0.22341,-1.2691,0.24651
-0.41054,0.45606,-0.76917,-0.27233,-1.0675,0.95694,-2.1946,2.4275,-0.29279,-0.46421,0.29768,0.32221,-1.2776,0.76842
-0.37721,0.45606,-0.76917,-0.27233,-1.0675,2.81,-2.1377,2.4275,-0.29279,-0.46421,0.29768,0.44062,-1.2761,2.2036
-0.4145,2.9429,-1.0928,-0.27233,-1.404,-0.25139,-1.2993,2.5765,-0.98187,-0.55321,-0.94946,0.39669,-0.85184,-0.068805
-0.41598,2.9429,-1.0928,-0.27233,-1.404,-0.58159,-1.7576,2.5765,-0.98187,-0.55321,-0.94946,0.42178,-0.47655,-0.17753
-0.41831,3.3717,-1.0767,-0.27233,-1.3868,1.6643,-1.2212,1.2067,-0.75218,-0.97449,-1.1804,0.32495,-1.3364,2.3341
-0.34901,0.3703,-1.0447,-0.27233,0.79657,3.4434,0.65101,-0.94697,-0.52248,-0.85582,-2.5199,0.36175,-1.0549,2.9865
-0.34296,0.3703,-1.0447,-0.27233,0.79657,1.4921,1.1164,-0.90252,-0.52248,-0.85582,-2.5199,0.29154,-0.681,1.4643
-0.34376,0.3703,-1.0447,-0.27233,0.79657,0.79327,1.1164,-0.84738,-0.52248,-0.85582,-2.5199,0.38618,-0.80563,0.82278
-0.35731,0.3703,-1.0447,-0.27233,0.79657,1.3071,0.46983,-0.79923,-0.52248,-0.85582,-2.5199,0.39571,-0.42894,1.2251
-0.35801,0.3703,-1.0447,-0.27233,0.79657,1.7582,0.73982,-0.78607,-0.52248,-0.85582,-2.5199,0.34718,-0.75522,2.2363
-0.35963,0.3703,-1.0447,-0.27233,0.79657,3.0078,0.81442,-0.71546,-0.52248,-0.85582,-2.5199,0.33064,-0.94427,2.856
-0.32416,0.3703,-1.0447,-0.27233,0.79657,1.4835,0.921,-0.81504,-0.52248,-0.85582,-2.5199,0.4025,-0.19648,0.92064
-0.35615,0.3703,-1.0447,-0.27233,0.79657,1.3113,0.81798,-0.88566,-0.52248,-0.85582,-2.5199,0.34192,-0.63759,1.5187
-0.33156,0.3703,-1.0447,-0.27233,0.79657,-1.0313,-0.20516,-0.85888,-0.52248,-0.85582,-2.5199,0.39133,-0.30851,0.029052
-0.32876,0.3703,-1.0447,-0.27233,0.79657,1.0381,0.5693,-0.78935,-0.52248,-0.85582,-2.5199,0.30008,0.29925,0.88802
-0.35286,0.3703,-1.0447,-0.27233,0.17523,2.8641,-0.055949,-0.65225,-0.52248,-0.85582,-2.5199,0.30523,-0.73001,2.9865
-0.35726,0.3703,-1.0447,-0.27233,0.17523,1.6871,-0.56752,-0.43835,-0.52248,-0.85582,-2.5199,0.36832,-1.3294,2.2798
-0.40956,0.3703,-0.60883,3.6648,-0.78268,-0.51897,-0.25134,0.058155,-0.75218,-1.0991,0.06673,0.37971,0.13961,-0.19928
-0.38532,0.3703,-0.60883,-0.27233,-0.78268,-0.61005,-0.94053,0.30107,-0.75218,-1.0991,0.06673,0.35025,0.048583,-0.15579
-0.40126,0.3703,-0.60883,-0.27233,-0.78268,-0.063526,-1.8571,0.30107,-0.75218,-1.0991,0.06673,0.44062,-0.84904,0.29
-0.40678,0.3703,-0.60883,-0.27233,-0.78268,0.3606,-0.35081,0.058155,-0.75218,-1.0991,0.06673,0.41937,-0.6894,0.20302
-0.39431,0.3703,-0.60883,3.6648,-0.78268,2.0016,-0.59594,0.27138,-0.75218,-1.0991,0.06673,0.37347,-0.85044,1.3773
-0.41354,1.2278,-0.689,3.6648,-0.92939,0.67372,-1.2674,0.13419,-0.63733,-0.91515,-0.39518,0.44062,-1.2776,1.0729
-0.40894,1.2278,-0.689,-0.27233,-0.92939,0.81035,-0.91566,0.22427,-0.63733,-0.91515,-0.39518,0.44062,-1.3546,1.0294
-0.40793,1.2278,-0.689,3.6648,-0.92939,1.3982,-0.69541,0.47117,-0.63733,-0.91515,-0.39518,0.35682,-0.92466,1.1598
-0.41298,1.2278,-0.689,3.6648,-0.92939,0.7705,-1.4557,0.50708,-0.63733,-0.91515,-0.39518,0.40283,-1.1893,1.149
-0.41083,1.2278,-0.689,-0.27233,-0.92939,0.2809,-1.2958,0.16396,-0.63733,-0.91515,-0.39518,0.44062,-0.76502,0.71405
-0.39564,0.3703,-1.138,-0.27233,-0.96477,0.75057,-1.2922,0.14516,-0.52248,-1.1406,-1.6423,0.44062,-1.0927,1.3664
-0.41594,0.3703,-1.138,-0.27233,-0.96477,2.1852,-0.14476,0.42725,-0.52248,-1.1406,-1.6423,0.33557,-1.2453,2.4863
-0.41579,0.3703,-1.138,-0.27233,-0.96477,0.9726,-1.1146,0.68844,-0.52248,-1.1406,-1.6423,0.38946,-1.1291,1.399
-0.41298,0.3703,-1.138,3.6648,-0.96477,1.9361,-0.67054,0.67286,-0.52248,-1.1406,-1.6423,0.22341,-1.3504,2.5516
-0.41836,3.3717,-1.447,3.6648,-1.3264,2.3318,-1.5551,0.99252,-0.98187,-1.2474,-2.2428,0.4255,-1.3294,2.9865
-0.41905,3.3717,-1.1904,-0.27233,-1.335,1.1434,-1.6972,1.668,-0.98187,-0.73122,-1.4576,0.41674,-0.6726,1.0511
-0.41883,1.871,-1.2954,-0.27233,-1.4299,0.23963,-1.3029,1.668,-0.98187,-0.64222,-1.4576,0.41674,-0.61938,-0.057932
-0.41782,2.9429,-1.3668,-0.27233,-1.4644,-0.077758,-1.3171,2.5142,-0.98187,-0.99229,-0.11803,-0.16511,0.038781,-0.26452
-0.4156,1.7638,-0.84788,-0.27233,-1.2918,-0.10765,-1.3242,1.6727,-0.40764,-0.68375,-0.85708,0.44062,-0.77202,0.072544
-0.41477,1.7638,-0.84788,-0.27233,-1.2918,0.043218,-0.81619,1.6727,-0.40764,-0.68375,-0.85708,0.44062,-0.70761,-0.025313
-0.41511,1.7638,-0.84788,-0.27233,-1.2918,0.39903,-1.6226,1.6727,-0.40764,-0.68375,-0.85708,0.16481,-0.44014,0.24651
-0.41603,2.9429,-0.90182,-0.27233,-1.2401,0.82031,-1.445,0.62765,-0.63733,-0.96855,0.34387,0.44062,-1.3056,0.64881
-0.41093,2.9429,-0.90182,-0.27233,-1.2401,1.2288,-1.4521,0.62765,-0.63733,-0.96855,0.34387,0.44062,-1.2733,1.6056
-0.4159,2.9429,-0.90182,-0.27233,-1.2401,0.49154,-1.6049,0.62765,-0.63733,-0.96855,0.34387,0.44062,-1.1137,0.58357
-0.41049,-0.48724,0.4057,-0.27233,-1.0157,-0.22435,-1.7825,0.81097,-0.63733,-0.70748,-1.1342,0.44062,-0.57037,0.14865
-0.41057,-0.48724,0.4057,-0.27233,-1.0157,-0.3923,-0.93343,0.81097,-0.63733,-0.70748,-1.1342,0.44062,-0.31551,-0.090551
-0.40507,-0.48724,0.4057,-0.27233,-1.0157,0.55986,-1.3313,1.0283,-0.63733,-0.70748,-1.1342,0.44062,-0.89385,0.65969
-0.41386,-0.48724,0.4057,-0.27233,-1.0157,0.37626,-0.62436,1.0283,-0.63733,-0.70748,-1.1342,0.39625,-0.73701,0.49659
-0.40371,-0.48724,0.4057,-0.27233,-1.0157,-0.70399,-0.37568,1.1991,-0.63733,-0.70748,-1.1342,0.44062,0.44628,-0.24277
-0.41258,2.5142,-1.2968,-0.27233,-1.335,0.085915,-1.7221,1.9152,-0.52248,-0.29808,-1.6885,0.12669,-1.0759,-0.003567
-0.41364,2.5142,-1.2968,-0.27233,-1.335,1.0765,-2.0809,1.9152,-0.52248,-0.29808,-1.6885,0.16327,-1.1081,0.70318
-0.41497,2.5142,-1.2968,-0.27233,-1.335,0.83454,-0.75225,1.9152,-0.52248,-0.29808,-1.6885,0.37446,-0.92186,0.24651
-0.41599,0.97058,-0.73564,-0.27233,-1.0502,0.43461,-1.0009,0.80574,-0.29279,-0.47015,-1.088,0.42802,-0.44154,-0.057932
-0.40933,0.97058,-0.73564,-0.27233,-1.0502,0.2994,-1.7825,0.80574,-0.29279,-0.47015,-1.088,0.29504,-0.55777,0.42048
-0.40848,0.97058,-0.73564,-0.27233,-1.0502,0.99253,-1.8074,0.80574,-0.29279,-0.47015,-1.088,0.36975,-1.0913,1.149
-0.41369,0.92771,-1.3056,-0.27233,-0.71364,1.354,-0.97606,0.10778,-0.29279,-1.105,-0.025651,0.40535,-0.80143,1.4752
-0.41373,0.92771,-1.3056,-0.27233,-0.71364,0.47162,-0.37213,-0.20185,-0.29279,-1.105,-0.025651,0.40184,-0.52136,0.63794
-0.41138,0.92771,-1.3056,-0.27233,-0.71364,1.6159,0.11813,-0.33046,-0.29279,-1.105,-0.025651,0.44062,-0.86585,1.1816
-0.41437,0.92771,-1.3056,-0.27233,-0.71364,0.80323,0.061285,-0.2908,-0.29279,-1.105,-0.025651,0.44062,-0.71741,0.61619
-0.36279,-0.48724,-0.18028,-0.27233,-0.092296,0.49866,0.49469,-0.22678,-0.63733,-0.61848,-0.025651,0.44062,-1.1361,0.029052
-0.37948,-0.48724,-0.18028,-0.27233,-0.092296,-0.44496,0.28865,-0.32889,-0.63733,-0.61848,-0.025651,0.43339,-0.37572,-0.24277
-0.11371,-0.48724,-0.18028,-0.27233,-0.092296,-1.8668,-1.0933,-0.6058,-0.63733,-0.61848,-0.025651,-0.068175,-0.0018293,-0.69944
-0.32821,-0.48724,-0.18028,-0.27233,-0.092296,-0.23147,-0.56041,-0.54839,-0.63733,-0.61848,-0.025651,0.44062,-0.93446,-0.047059
-0.38968,-0.48724,-0.18028,-0.27233,-0.092296,-0.37237,0.77535,-0.4564,-0.63733,-0.61848,-0.025651,0.43404,-0.13066,-0.34063
-0.38878,-0.48724,-0.18028,-0.27233,-0.092296,-0.026521,0.50535,-0.25276,-0.63733,-0.61848,-0.025651,0.40217,-0.6656,-0.10142
-0.37718,-0.48724,-0.18028,-0.27233,-0.092296,0.40188,0.66522,-0.091533,-0.63733,-0.61848,-0.025651,0.42736,-0.47235,0.13778
-0.39062,-0.48724,-0.18028,-0.27233,-0.092296,-0.82496,0.32417,0.071215,-0.63733,-0.61848,-0.025651,0.43536,-0.16147,-0.68857
-0.3831,-0.48724,-0.18028,-0.27233,-0.092296,-0.52751,0.51956,0.096669,-0.63733,-0.61848,-0.025651,0.3727,0.79497,-0.5146
-0.39159,-0.48724,-0.18028,-0.27233,-0.092296,-0.71537,0.11102,0.11239,-0.63733,-0.61848,-0.025651,0.44062,0.46029,-0.29714
-0.37336,-0.48724,-0.18028,-0.27233,-0.092296,0.13858,-0.048844,-0.12468,-0.63733,-0.61848,-0.025651,0.4221,-0.32111,0.061671
-0.36482,-0.48724,-0.18028,-0.27233,-0.092296,-0.24428,-0.34726,0.098236,-0.63733,-0.61848,-0.025651,0.43328,0.010774,-0.16666
-0.40062,-0.48724,-0.54761,-0.27233,-0.53242,0.2012,-0.57817,0.35397,-0.52248,-0.71935,0.52864,0.44062,-0.76362,0.13778
-0.39899,-0.48724,-0.54761,-0.27233,-0.53242,0.13004,-0.50712,0.35397,-0.52248,-0.71935,0.52864,0.44062,-0.80983,0.061671
-0.37928,-0.48724,-0.54761,-0.27233,-0.53242,-0.34675,-0.66343,0.43978,-0.52248,-0.71935,0.52864,0.44062,-0.6936,-0.2319
-0.38709,-0.48724,-0.54761,-0.27233,-0.53242,-0.8207,0.20339,0.43978,-0.52248,-0.71935,0.52864,0.37741,-0.12786,-0.43849
-0.38045,-0.48724,-0.54761,-0.27233,-0.53242,0.18554,-1.0116,0.43978,-0.52248,-0.71935,0.52864,0.44062,-0.91486,0.26826
-0.3978,-0.48724,-0.54761,-0.27233,-0.53242,0.20831,-1.9139,0.76974,-0.52248,-0.71935,0.52864,0.40535,-1.0605,0.22477
-0.38482,-0.48724,-0.54761,-0.27233,-0.53242,0.038948,-1.4095,0.76974,-0.52248,-0.71935,0.52864,0.44062,-0.91066,0.050798
-0.39208,-0.48724,-0.54761,-0.27233,-0.53242,-0.28698,-0.88369,0.76974,-0.52248,-0.71935,0.52864,0.44062,0.019176,-0.036186
-0.41241,-0.48724,-1.1511,-0.27233,-0.8172,-0.59297,-1.5196,0.67415,-0.63733,0.12913,-0.71851,0.28223,-0.37572,-0.3515
-0.41228,-0.48724,-1.1511,-0.27233,-0.8172,0.068836,-1.8251,0.67415,-0.63733,0.12913,-0.71851,0.20303,-0.74402,0.007306
-0.41482,-0.48724,-1.1511,-0.27233,-0.8172,-0.20016,-1.2922,0.98711,-0.63733,0.12913,-0.71851,0.1303,-0.49895,-0.29714
-0.41426,1.0135,-0.74002,-0.27233,-1.0079,-0.82354,-1.4272,1.3514,-0.98187,-0.61848,-0.71851,0.40907,-0.031237,-0.59071
-0.41607,1.0135,-0.74002,-0.27233,-1.0079,-0.36099,-1.6084,1.3514,-0.98187,-0.61848,-0.71851,0.061076,-0.6754,-0.34063
-0.41419,-0.48724,-0.86683,-0.27233,-0.34256,0.044641,-1.0826,1.2648,-0.52248,-1.0932,0.80578,0.36186,-0.97647,-0.036186
-0.41576,-0.48724,-0.86683,-0.27233,-0.34256,0.036102,-1.0684,1.2648,-0.52248,-1.0932,0.80578,0.35846,-0.82664,-0.19928
-0.4155,-0.48724,-0.86683,-0.27233,-0.34256,-0.35245,-1.2105,1.0402,-0.52248,-1.0932,0.80578,0.44062,-0.65019,-0.15579
-0.41612,-0.48724,-0.86683,-0.27233,-0.34256,-0.59155,-0.79133,0.68198,-0.52248,-1.0932,0.80578,0.44062,-0.39953,-0.32976
-0.41657,-0.48724,-0.86683,-0.27233,-0.34256,-0.55455,-0.31884,0.8643,-0.52248,-1.0932,0.80578,0.41772,-0.2931,-0.43849
-0.41626,-0.48724,-0.86683,-0.27233,-0.34256,-0.32113,-1.1111,0.48305,-0.52248,-1.0932,0.80578,0.43229,-0.58017,-0.21015
-0.41371,-0.48724,-0.86683,-0.27233,-0.34256,-0.42645,-0.8233,0.48305,-0.52248,-1.0932,0.80578,0.44062,-0.40793,-0.38412
-0.41295,-0.48724,-0.86683,-0.27233,-0.34256,-0.45065,-0.35792,0.48305,-0.52248,-1.0932,0.80578,0.44062,-0.47095,-0.41674
-0.41859,1.0135,-1.4018,-0.27233,-0.97253,1.3611,-0.68475,1.54,-0.98187,-0.73715,-1.3652,0.41696,-1.0031,1.1055
-0.4172,-0.48724,-1.3479,-0.27233,-0.31667,0.36345,-0.31528,1.1739,-0.98187,0.081661,-1.1804,0.3646,-0.56057,-0.65595
-0.41715,1.871,-1.0724,-0.27233,-0.61008,0.58548,-0.43252,0.91991,-0.52248,-0.22688,-0.39518,0.44062,-0.76642,0.14865
-0.41656,1.871,-1.0724,-0.27233,-0.61008,0.83881,-1.4379,1.2682,-0.52248,-0.22688,-0.39518,0.3428,-1.1263,0.94238
-0.41648,-0.48724,-0.98344,-0.27233,-0.97253,-0.38518,-0.71317,2.0034,-0.75218,-0.33368,0.15911,0.31728,-0.2973,-0.54722
-0.41294,-0.48724,-0.98344,-0.27233,-0.97253,-0.55028,-0.57817,2.0034,-0.75218,-0.33368,0.15911,0.086927,0.0023717,-0.57984
-0.41793,3.1573,-1.0184,-0.27233,-1.0847,0.32929,-1.4521,2.2511,-0.63733,-0.33961,-0.2566,0.39165,-0.88125,0.061671
-0.41836,2.9429,-1.3304,-0.27233,-1.0329,0.49866,-1.381,2.1603,-0.63733,-0.76088,-0.67232,0.37533,-0.93306,0.21389
-0.41673,1.2278,-1.4411,-0.27233,-1.0847,0.93133,-1.2105,2.3731,-0.98187,-0.43455,0.57483,0.36339,-0.94707,0.44223
-0.41288,1.2278,-1.4411,-0.27233,-1.0847,0.29229,-0.85882,2.3731,-0.98187,-0.43455,0.57483,0.44062,-0.93446,0.039925
-0.41086,2.0854,-1.377,-0.27233,-1.2401,0.41896,-1.1608,3.284,-0.63733,0.016393,-0.071842,0.15451,-1.0031,0.1704
-0.41168,2.0854,-1.377,-0.27233,-1.2401,-0.5702,-1.7789,3.284,-0.63733,0.016393,-0.071842,0.39056,-0.681,-0.42761
-0.41811,3.3717,-1.3289,-0.27233,-1.2487,0.63102,-1.1537,3.9566,-0.52248,-1.3127,-0.67232,0.30435,-1.1417,0.82278
-0.4151,2.9429,-1.3449,-0.27233,-1.2228,-0.88474,-1.6581,3.2249,-0.63733,-0.44048,1.6372,0.28617,-0.64459,-0.47111
-0.40771,2.9429,-1.3449,-0.27233,-1.2228,-0.49619,-1.7434,3.2249,-0.63733,-0.44048,1.6372,0.21213,-0.99188,-0.21015
0.62424,-0.48724,1.015,3.6648,1.858,-0.10338,1.024,-0.79443,1.6596,1.5294,0.80578,0.23064,0.69275,-0.5146
0.027457,-0.48724,1.015,3.6648,1.858,0.15708,0.79666,-0.61255,1.6596,1.5294,0.80578,0.37971,0.086393,-0.090551
0.18465,-0.48724,1.015,3.6648,1.858,-0.22435,0.52667,-0.50925,1.6596,1.5294,0.80578,0.42451,-0.16427,0.018179
0.07531,-0.48724,1.015,-0.27233,1.858,-0.2457,0.45206,-0.61069,1.6596,1.5294,0.80578,0.37314,0.0023717,0.007306
0.10793,-0.48724,1.015,-0.27233,1.858,0.16135,0.69008,-0.60637,1.6596,1.5294,0.80578,0.19591,-0.681,0.26826
0.025962,-0.48724,1.015,-0.27233,1.858,-0.04787,0.80021,-0.71213,1.6596,1.5294,0.80578,-0.065984,0.21523,-0.28626
0.0075215,-0.48724,1.015,-0.27233,1.858,-1.3131,0.98139,-0.80326,1.6596,1.5294,0.80578,0.26415,-0.34492,-0.18841
0.070786,-0.48724,1.015,3.6648,1.858,-0.68549,0.72561,-0.89772,1.6596,1.5294,0.80578,-0.039805,0.27824,-0.62333
-0.016188,-0.48724,1.015,3.6648,1.4093,3.5515,0.50891,-0.89772,1.6596,1.5294,0.80578,-0.023266,-1.0311,-0.068805
0.10956,-0.48724,1.015,-0.27233,1.4093,-3.8764,0.68653,-1.0362,1.6596,1.5294,0.80578,-0.021623,-0.77482,0.54008
0.009699,-0.48724,1.015,-0.27233,1.4093,-1.881,0.81087,-0.9701,1.6596,1.5294,0.80578,-0.4452,0.18862,-0.068805
1.152,-0.48724,1.015,-0.27233,0.6585,-3.4466,1.1164,-1.0849,1.6596,1.5294,0.80578,-2.4673,0.094795,0.061671
0.14936,-0.48724,1.015,-0.27233,0.6585,-1.8711,1.1164,-1.1695,1.6596,1.5294,0.80578,0.20643,-1.3154,2.9865
0.23908,-0.48724,1.015,3.6648,0.6585,0.56697,1.0027,-1.158,1.6596,1.5294,0.80578,0.20435,-1.2495,2.9865
0.34008,-0.48724,1.015,3.6648,0.6585,1.0409,1.0276,-1.2312,1.6596,1.5294,0.80578,0.38749,-1.3574,2.9865
0.65323,-0.48724,1.015,-0.27233,0.6585,-0.097684,1.1164,-1.2471,1.6596,1.5294,0.80578,0.1038,-0.43734,2.9865
0.54103,-0.48724,1.015,3.6648,0.9778,-0.58301,0.74693,-1.2658,1.6596,1.5294,0.80578,-0.096326,-0.52836,2.9865
0.87131,-0.48724,1.015,-0.27233,0.9778,-1.9621,1.1164,-1.2446,1.6596,1.5294,0.80578,0.44062,3.0971,-0.94952
1.7305,-0.48724,1.015,-0.27233,0.9778,-3.0552,1.1164,-1.2623,1.6596,1.5294,0.80578,0.44062,3.5453,-0.94952
1.8596,-0.48724,1.015,-0.27233,1.0037,1.4636,1.0418,-1.1772,1.6596,1.5294,0.80578,0.44062,0.1102,-0.81904
1.3573,-0.48724,1.015,-0.27233,1.0037,0.51858,0.87837,-1.1636,1.6596,1.5294,0.80578,0.069511,1.4825,-0.93864
0.72196,-0.48724,1.015,-0.27233,1.0037,0.72495,1.0738,-1.1573,1.6596,1.5294,0.80578,0.44062,1.2025,-1.0039
2.3292,-0.48724,1.015,-0.27233,1.0037,0.13573,0.98139,-1.144,1.6596,1.5294,0.80578,0.44062,1.5456,-1.0256
1.657,-0.48724,1.015,-0.27233,1.0037,-0.087721,1.1164,-1.144,1.6596,1.5294,0.80578,0.406,1.2781,-1.3409
9.9241,-0.48724,1.015,-0.27233,1.0037,0.9726,0.82863,-1.1296,1.6596,1.5294,0.80578,0.44062,0.63813,-1.3192
1.4254,-0.48724,1.015,-0.27233,1.0037,0.37057,1.0844,-1.0808,1.6596,1.5294,0.80578,0.44062,1.1801,-1.2648
0.64796,-0.48724,1.015,-0.27233,1.254,-1.0655,1.1164,-1.0517,1.6596,1.5294,0.80578,0.44062,1.533,-1.2213
0.50909,-0.48724,1.015,-0.27233,1.254,-1.0883,1.1164,-1.0742,1.6596,1.5294,0.80578,0.44062,1.6674,-1.1126
1.9149,-0.48724,1.015,-0.27233,1.254,-2.7279,0.80377,-1.1186,1.6596,1.5294,0.80578,-0.77599,2.5174,-1.4932
1.5344,-0.48724,1.015,-0.27233,1.254,-1.4341,1.0489,-1.125,1.6596,1.5294,0.80578,0.44062,2.5426,-1.6671
2.4159,-0.48724,1.015,-0.27233,1.254,-2.3236,1.1164,-1.1055,1.6596,1.5294,0.80578,0.44062,2.1883,-1.3083
2.207,-0.48724,1.015,-0.27233,1.254,-1.8284,0.74337,-1.0812,1.6596,1.5294,0.80578,0.44062,2.7079,-1.6454
1.2463,-0.48724,1.015,-0.27233,1.254,-1.9991,1.1164,-1.0474,1.6596,1.5294,0.80578,0.17795,2.516,-1.3409
0.5276,-0.48724,1.015,-0.27233,1.254,-1.2733,1.0773,-0.98159,1.6596,1.5294,0.80578,0.44062,1.1479,-1.1996
0.38931,-0.48724,1.015,-0.27233,1.254,-0.81358,1.0098,-0.88737,1.6596,1.5294,0.80578,0.41356,0.62413,-0.80817
0.19526,-0.48724,1.015,-0.27233,1.254,-0.33252,0.49469,-0.77278,1.6596,1.5294,0.80578,0.23776,0.85519,0.072544
0.92592,-0.48724,1.015,-0.27233,1.254,-1.7771,1.0098,-0.96169,1.6596,1.5294,0.80578,0.44062,1.8242,-1.3953
0.58492,-0.48724,1.015,-0.27233,1.1935,-0.13042,0.8535,-0.95162,1.6596,1.5294,0.80578,0.44062,0.35246,-0.94952
1.1331,-0.48724,1.015,-0.27233,1.1935,-0.56593,0.9281,-0.95594,1.6596,1.5294,0.80578,0.44062,0.5177,-1.0691
0.59329,-0.48724,1.015,-0.27233,1.1935,0.26524,1.0738,-0.98273,1.6596,1.5294,0.80578,0.38672,0.62553,-1.0256
0.26257,-0.48724,1.015,-0.27233,1.1935,0.17131,0.97429,-1.006,1.6596,1.5294,0.80578,0.44062,0.94061,-1.0909
0.47183,-0.48724,1.015,-0.27233,1.1935,-0.76519,1.0773,-1.0266,1.6596,1.5294,0.80578,0.39899,1.0176,-1.5258
4.0386,-0.48724,1.015,-0.27233,1.1935,-1.1836,1.1164,-1.0949,1.6596,1.5294,0.80578,0.44062,2.5118,-1.9063
0.73278,-0.48724,1.015,-0.27233,1.1935,-0.61575,0.32773,-1.0897,1.6596,1.5294,0.80578,-0.20279,2.425,-1.765
2.4917,-0.48724,1.015,-0.27233,1.1935,-0.42361,1.1164,-1.0477,1.6596,1.5294,0.80578,0.44062,1.9769,-1.8411
1.235,-0.48724,1.015,-0.27233,1.1935,0.083069,1.1164,-1.0547,1.6596,1.5294,0.80578,0.44062,1.0736,-1.6671
0.69548,-0.48724,1.015,-0.27233,1.1935,0.16989,1.1164,-1.0239,1.6596,1.5294,0.80578,0.21289,1.0722,-1.1344
2.4633,-0.48724,1.015,-0.27233,1.1935,-1.3316,0.97429,-0.9936,1.6596,1.5294,0.80578,0.44062,0.99662,-1.5475
4.408,-0.48724,1.015,-0.27233,1.1935,-1.0726,0.59772,-1.0389,1.6596,1.5294,0.80578,-0.29809,2.0623,-1.5258
7.4762,-0.48724,1.015,-0.27233,1.1935,-0.85628,1.1164,-1.1253,1.6596,1.5294,0.80578,0.30994,1.4461,-1.9063
1.9883,-0.48724,1.015,-0.27233,0.90013,-3.0552,1.1164,-1.2428,1.6596,1.5294,0.80578,0.14838,1.4965,-1.1561
0.96931,-0.48724,1.015,-0.27233,0.90013,-0.96302,1.1164,-1.1919,1.6596,1.5294,0.80578,-0.26928,-0.073247,0.58357
0.44066,-0.48724,1.015,-0.27233,0.36508,-0.95021,1.0418,-1.1114,1.6596,1.5294,0.80578,-0.46042,1.9251,-0.57984
1.2585,-0.48724,1.015,-0.27233,0.36508,0.8075,1.1164,-1.1063,1.6596,1.5294,0.80578,-1.9422,0.99802,0.54008
5.5249,-0.48724,1.015,-0.27233,0.36508,-0.75096,1.1164,-1.1312,1.6596,1.5294,0.80578,-3.8784,-0.35612,-0.81904
1.2134,-0.48724,1.015,-0.27233,0.36508,0.52997,1.1164,-1.0769,1.6596,1.5294,0.80578,-3.5229,1.1997,-0.57984
1.7668,-0.48724,1.015,-0.27233,0.36508,-2.3578,1.1164,-1.0643,1.6596,1.5294,0.80578,-3.5915,3.0411,-0.50372
2.9114,-0.48724,1.015,-0.27233,0.36508,-1.6078,1.1164,-1.0475,1.6596,1.5294,0.80578,-1.596,1.04,-0.67769
4.8983,-0.48724,1.015,-0.27233,1.1935,-2.5129,1.1164,-1.0148,1.6596,1.5294,0.80578,-2.94,3.4066,-1.6889
1.6824,-0.48724,1.015,-0.27233,1.0727,0.21258,1.1164,-0.93097,1.6596,1.5294,0.80578,-3.6084,2.2961,-1.6671
0.83946,-0.48724,1.015,-0.27233,1.0727,0.70788,0.78956,-0.93818,1.6596,1.5294,0.80578,-3.6706,1.8396,-1.6345
2.5957,-0.48724,1.015,-0.27233,1.0727,-1.3957,0.72916,-1.0199,1.6596,1.5294,0.80578,-2.5118,1.9587,-1.3192
8.1288,-0.48724,1.015,-0.27233,1.0727,-0.46631,1.1164,-0.94621,1.6596,1.5294,0.80578,-3.7267,1.1157,-1.4932
0.95317,-0.48724,1.015,-0.27233,1.4093,0.76765,0.28154,-0.95029,1.6596,1.5294,0.80578,-3.3761,1.4125,-1.5367
0.8689,-0.48724,1.015,-0.27233,1.4093,0.17985,1.1164,-0.91947,1.6596,1.5294,0.80578,-0.4154,0.33145,-0.6342
0.39633,-0.48724,1.015,-0.27233,1.4093,-0.39657,0.94942,-0.91202,1.6596,1.5294,0.80578,-0.40193,0.42668,-0.90603
0.9806,-0.48724,1.015,-0.27233,0.51179,-0.90609,0.67587,-0.87564,1.6596,1.5294,0.80578,-0.71334,0.20262,-0.18841
0.39957,-0.48724,1.015,-0.27233,0.51179,-0.25851,0.58706,-0.84211,1.6596,1.5294,0.80578,-3.8792,1.4895,-0.99301
0.60205,-0.48724,1.015,-0.27233,0.2529,-1.0242,0.071942,-0.82231,1.6596,1.5294,0.80578,-3.8669,0.63113,-1.1778
1.4238,-0.48724,1.015,-0.27233,1.0727,-0.55312,0.95297,-0.8954,1.6596,1.5294,0.80578,-3.8227,1.6436,-1.5475
1.0037,-0.48724,1.015,-0.27233,0.2529,-0.6371,-0.31528,-0.8536,1.6596,1.5294,0.80578,-3.6368,0.42528,-1.3409
3.9584,-0.48724,1.015,-0.27233,1.0727,-0.11761,0.3597,-0.91757,1.6596,1.5294,0.80578,-3.7007,0.26144,-1.2648
0.43639,-0.48724,1.015,-0.27233,1.0727,-0.13042,0.33838,-0.88305,1.6596,1.5294,0.80578,-2.8473,1.2417,-1.254
0.66562,-0.48724,1.015,-0.27233,1.0727,0.13573,0.96008,-0.86757,1.6596,1.5294,0.80578,-3.2417,1.6002,-1.4171
0.56718,-0.48724,1.015,-0.27233,0.2529,0.090185,0.62259,-0.82744,1.6596,1.5294,0.80578,-2.9928,0.69835,-0.87341
0.74972,-0.48724,1.015,-0.27233,0.2529,0.78046,0.91389,-0.81058,1.6596,1.5294,0.80578,-3.016,0.98542,-0.9169
0.32907,-0.48724,1.015,-0.27233,0.2529,0.19978,0.22115,-0.75729,1.6596,1.5294,0.80578,-2.8339,-0.087251,-0.69944
0.22874,-0.48724,1.015,-0.27233,1.3661,0.21543,0.68653,-0.70249,1.6596,1.5294,0.80578,-2.8094,0.4995,-0.89515
1.1974,-0.48724,1.015,-0.27233,1.3661,-0.10907,0.93876,-0.74694,1.6596,1.5294,0.80578,-2.8046,0.35246,-1.1778
0.87739,-0.48724,1.015,-0.27233,1.5991,0.49012,0.92455,-0.79324,1.6596,1.5294,0.80578,-2.7036,1.4867,-0.99301
1.2564,-0.48724,1.015,-0.27233,1.5991,0.25101,0.87837,-0.85123,1.6596,1.5294,0.80578,-3.6057,0.75576,-1.4062
1.3444,-0.48724,1.015,-0.27233,1.5991,-0.18877,1.1164,-0.89321,1.6596,1.5294,0.80578,-3.8047,1.9321,-1.504
1.1701,-0.48724,1.015,-0.27233,1.5991,-0.49762,0.68653,-0.93766,1.6596,1.5294,0.80578,-3.1516,2.9921,-1.5367
0.67164,-0.48724,1.015,-0.27233,1.5991,-0.93598,0.89968,-0.93928,1.6596,1.5294,0.80578,0.44062,1.4321,-1.0582
2.1435,-0.48724,1.015,-0.27233,1.5991,-0.66414,0.8464,-0.91601,1.6596,1.5294,0.80578,0.38092,1.3243,-1.3083
0.71041,-0.48724,1.015,-0.27233,1.5991,0.17273,1.0169,-0.82155,1.6596,1.5294,0.80578,0.32078,0.96161,-0.59071
0.23866,-0.48724,1.015,-0.27233,1.5991,-0.093414,1.1164,-0.85018,1.6596,1.5294,0.80578,0.42736,0.55131,-0.44936
0.73859,-0.48724,1.015,-0.27233,1.5991,0.28517,1.1164,-0.86272,1.6596,1.5294,0.80578,0.32922,0.86779,-0.77555
1.0683,-0.48724,1.015,-0.27233,1.5991,-0.6129,0.9956,-0.90204,1.6596,1.5294,0.80578,-1.2723,1.5596,-1.2757
0.82058,-0.48724,1.015,-0.27233,1.5991,0.24817,0.93166,-0.85821,1.6596,1.5294,0.80578,-3.4352,1.5862,-1.167
0.31094,-0.48724,1.015,-0.27233,1.5991,0.080222,0.9885,-0.81827,1.6596,1.5294,0.80578,-0.42351,0.71935,-0.82991
0.73374,-0.48724,1.015,-0.27233,1.5991,-0.04787,0.9956,-0.75843,1.6596,1.5294,0.80578,0.34883,0.5303,-1.08
0.66448,-0.48724,1.015,-0.27233,1.3661,-0.1418,1.0702,-0.72823,1.6596,1.5294,0.80578,0.44062,0.76696,-0.9169
0.45486,-0.48724,1.015,-0.27233,1.3661,0.18839,1.056,-0.76461,1.6596,1.5294,0.80578,-0.57467,0.93221,-1.0365
0.36089,-0.48724,1.015,-0.27233,1.3661,0.66091,0.8535,-0.69879,1.6596,1.5294,0.80578,-3.9033,0.67034,-0.99301
0.21248,-0.48724,1.015,-0.27233,1.3661,0.52712,1.0524,-0.68378,1.6596,1.5294,0.80578,-0.01516,0.71095,-0.7973
0.17167,-0.48724,1.015,-0.27233,1.3661,0.017599,0.82508,-0.67761,1.6596,1.5294,0.80578,0.31125,0.64653,-0.69944
0.53881,-0.48724,1.015,-0.27233,1.3661,1.5775,1.0915,-0.63748,1.6596,1.5294,0.80578,0.21026,0.57232,-0.5146
0.68594,-0.48724,1.015,-0.27233,1.3661,0.63102,0.90679,-0.61687,1.6596,1.5294,0.80578,-3.8337,0.84818,-0.82991
0.1324,-0.48724,1.015,-0.27233,1.3661,0.3421,0.6368,-0.6455,1.6596,1.5294,0.80578,-3.3491,0.76696,-0.9169
0.12269,-0.48724,1.015,-0.27233,1.3661,-0.43926,0.68653,-0.57674,1.6596,1.5294,0.80578,-3.792,0.89019,-1.0691
0.53328,-0.48724,1.015,-0.27233,1.3661,-0.49619,0.41654,-0.48242,1.6596,1.5294,0.80578,-3.8685,0.60032,-0.98214
0.48116,-0.48724,1.015,-0.27233,1.3661,0.023292,0.53733,-0.48057,1.6596,1.5294,0.80578,-0.92518,0.5009,-0.82991
0.37059,-0.48724,1.015,-0.27233,1.3661,-0.28982,0.56219,-0.51172,1.6596,1.5294,0.80578,0.44062,0.28664,-0.27539
0.13935,-0.48724,1.015,-0.27233,1.3661,0.59259,0.76114,-0.56871,1.6596,1.5294,0.80578,-1.1112,0.5275,-0.66682
0.0092526,-0.48724,1.015,-0.27233,1.3661,0.13004,0.70429,-0.58315,1.6596,1.5294,0.80578,0.3807,0.27964,-0.52547
0.35359,-0.48724,1.015,-0.27233,1.3661,0.046064,0.51246,-0.5037,1.6596,1.5294,0.80578,0.44062,0.18722,-0.32976
0.25665,-0.48724,1.015,-0.27233,1.3661,0.32502,0.75758,-0.47179,1.6596,1.5294,0.80578,0.40688,-0.33091,-0.25365
0.49128,-0.48724,1.015,-0.27233,0.86561,-0.10765,-0.11279,-0.39495,1.6596,1.5294,0.80578,0.44062,0.079391,-0.12317
-0.052307,-0.48724,1.015,-0.27233,0.86561,-0.74811,-0.72383,-0.34598,1.6596,1.5294,0.80578,-0.24398,0.20682,-0.28626
0.018771,-0.48724,1.015,-0.27233,0.86561,-0.47342,0.57285,-0.43859,1.6596,1.5294,0.80578,-3.6657,0.62973,-0.38412
0.094025,-0.48724,1.015,-0.27233,0.2529,-0.40084,0.921,-0.59588,1.6596,1.5294,0.80578,-0.27804,1.2137,-0.37325
1.3907,-0.48724,1.015,-0.27233,0.21838,-0.51043,0.086153,-0.42107,1.6596,1.5294,0.80578,0.13216,0.76696,-0.37325
1.1,-0.48724,1.015,-0.27233,0.21838,-0.81358,-0.42186,-0.46129,1.6596,1.5294,0.80578,0.44062,0.29505,-0.26452
0.085481,-0.48724,1.015,-0.27233,0.21838,-0.16742,0.54798,-0.3617,1.6596,1.5294,0.80578,0.44062,0.5093,-0.28626
0.049397,-0.48724,1.015,-0.27233,-0.19585,-0.079182,0.786,-0.33041,1.6596,1.5294,0.80578,0.42342,0.030379,-0.31888
-0.0052134,-0.48724,1.015,-0.27233,0.21838,0.21685,0.22825,-0.42672,1.6596,1.5294,0.80578,0.40195,0.23903,0.072544
0.12014,-0.48724,1.015,-0.27233,0.51179,0.98968,-0.034634,-0.59939,1.6596,1.5294,0.80578,0.19723,-0.13906,0.79016
0.51645,-0.48724,1.015,-0.27233,0.2529,-1.2206,0.95297,-0.64835,1.6596,1.5294,0.80578,-0.044844,0.76836,-0.94952
0.32315,-0.48724,1.015,-0.27233,0.2529,-0.17454,1.024,-0.75464,1.6596,1.5294,0.80578,-0.59055,1.603,-1.0039
0.14624,-0.48724,1.015,-0.27233,0.51179,0.28375,0.88903,-0.70748,1.6596,1.5294,0.80578,0.43306,0.84398,-0.6342
1.3265,-0.48724,1.015,-0.27233,0.51179,-1.3957,1.0205,-0.80464,1.6596,1.5294,0.80578,-0.0788,1.7164,-1.1452
0.76957,-0.48724,1.015,-0.27233,0.51179,-0.1418,0.99916,-0.77149,1.6596,1.5294,0.80578,0.25222,0.75296,-0.86253
1.2463,-0.48724,1.015,-0.27233,0.51179,-0.079182,0.69008,-0.87564,1.6596,1.5294,0.80578,0.29187,0.063987,-0.12317
0.25699,-0.48724,1.015,-0.27233,-0.19585,-0.060679,-0.13766,-0.17611,1.6596,1.5294,0.80578,0.44062,-0.2679,0.050798
0.24352,-0.48724,1.015,-0.27233,-0.19585,0.66233,0.2247,-0.22004,1.6596,1.5294,0.80578,0.39866,-0.688,0.12691
0.24619,-0.48724,1.015,-0.27233,-0.19585,1.105,0.29931,-0.18257,1.6596,1.5294,0.80578,0.42287,-0.79023,0.26826
-0.092442,-0.48724,1.015,-0.27233,-0.19585,-0.74384,-1.0045,0.14402,1.6596,1.5294,0.80578,0.39702,-0.31271,-0.079678
-0.14357,-0.48724,1.015,-0.27233,0.24427,-0.58871,-0.94764,-0.033738,1.6596,1.5294,0.80578,0.15396,0.096195,-0.21015
0.0069925,-0.48724,1.015,-0.27233,0.24427,0.038948,-0.59238,0.093392,1.6596,1.5294,0.80578,0.34992,-0.2903,-0.14492
0.24161,-0.48724,1.015,-0.27233,0.24427,-0.24286,0.39878,-0.11832,1.6596,1.5294,0.80578,0.39439,0.32585,-0.37325
0.14208,-0.48724,1.015,-0.27233,0.24427,-0.54031,-0.5462,-0.30524,1.6596,1.5294,0.80578,0.34554,-0.16847,-0.21015
-0.40256,-0.48724,2.4202,-0.27233,0.46864,-1.1822,0.85705,-0.93752,-0.63733,1.7964,0.75959,0.42079,0.75716,-0.7973
-0.39878,-0.48724,2.4202,-0.27233,0.46864,-1.2391,1.056,-0.96862,-0.63733,1.7964,0.75959,-0.13828,1.5848,-1.6889
-0.39598,-0.48724,2.4202,-0.27233,0.46864,-1.696,1.0453,-0.93671,-0.63733,1.7964,0.75959,-0.41891,2.3844,-1.5693
-0.40781,-0.48724,2.4202,-0.27233,0.46864,-0.4293,1.0738,-0.9151,-0.63733,1.7964,0.75959,0.36624,0.75856,-0.97126
-0.40716,-0.48724,2.4202,-0.27233,0.46864,-0.4293,0.53022,-0.80027,-0.63733,1.7964,0.75959,0.44062,0.097596,-0.26452
-0.39995,-0.48724,-0.21089,-0.27233,0.26153,-0.82212,-0.51778,-0.6712,-0.40764,-0.10228,0.34387,0.44062,-0.090051,-0.079678
-0.3876,-0.48724,-0.21089,-0.27233,0.26153,-0.51043,-0.92277,-0.6712,-0.40764,-0.10228,0.34387,0.44062,0.1312,0.21389
-0.39929,-0.48724,-0.21089,-0.27233,0.26153,-0.87478,-1.413,-0.47321,-0.40764,-0.10228,0.34387,0.40107,0.69275,0.061671
-0.38643,-0.48724,-0.21089,-0.27233,0.26153,-1.2733,0.15365,-0.47321,-0.40764,-0.10228,0.34387,0.44062,1.1885,-0.30801
-0.3889,-0.48724,-0.21089,-0.27233,0.26153,-0.6983,0.071942,-0.42852,-0.40764,-0.10228,0.34387,0.44062,0.20262,-0.46023
-0.3923,-0.48724,-0.21089,-0.27233,0.26153,-0.37806,-0.11634,-0.65818,-0.40764,-0.10228,0.34387,0.44062,0.037381,-0.14492
-0.39943,-0.48724,-0.21089,-0.27233,0.26153,-1.0185,0.17497,-0.66255,-0.40764,-0.10228,0.34387,0.42824,0.34266,-0.54722
-0.39402,-0.48724,-0.21089,-0.27233,0.26153,-0.36668,0.39522,-0.61587,-0.40764,-0.10228,0.34387,0.44062,0.23483,-0.62333
-0.41282,-0.48724,0.11562,-0.27233,0.15797,0.43888,0.018654,-0.62518,-0.98187,-0.80242,1.1753,0.38683,-0.41773,-0.01444
-0.41484,-0.48724,0.11562,-0.27233,0.15797,-0.23432,0.28865,-0.71593,-0.98187,-0.80242,1.1753,0.44062,-0.50035,-0.21015
-0.41304,-0.48724,0.11562,-0.27233,0.15797,0.98399,0.79666,-0.77292,-0.98187,-0.80242,1.1753,0.44062,-0.98208,0.14865
-0.40736,-0.48724,0.11562,-0.27233,0.15797,0.72495,0.73627,-0.66778,-0.98187,-0.80242,1.1753,0.40283,-0.86445,-0.057932
-0.41459,-0.48724,0.11562,-0.27233,0.15797,-0.36241,0.4343,-0.61264,-0.98187,-0.80242,1.1753,0.44062,-0.6684,-1.1561
